5.407123040196141345e-02
3.054551906574617601e-02
2.650332279501903254e-02
2.611942705981031010e-02
2.464029937415317117e-02
2.256597199819343133e-02
2.244660945867475374e-02
2.479676108136008930e-02
1.975450029034131125e-02
1.932221433640880087e-02
1.608329569649654886e-02
1.572036905606813417e-02
1.508000516162332980e-02
1.455739079940641251e-02
1.383476353313116934e-02
1.347506290728434086e-02
1.224595135170010972e-02
1.152655010000645276e-02
1.087812116910768373e-02
1.018936705593909316e-02
1.065230014839666992e-02
1.057003677656622939e-02
1.032808568294728627e-02
9.797406284276404323e-03
9.018323762823408571e-03
8.668301180721336985e-03
7.881153622814374843e-03
8.518291502677591276e-03
7.695657784373185172e-03
7.550487128201819644e-03
7.997290147751467959e-03
7.450480676172656705e-03
7.611781405251951543e-03
6.895606168139879928e-03
6.979482547261113556e-03
6.855280985870055785e-03
7.881153622814374843e-03
6.397186915284857472e-03
6.269759339312213492e-03
6.384282856958513504e-03
6.256855280985870391e-03
6.416543002774372124e-03
6.477837279824504892e-03
5.951996903026001394e-03
5.726175882314988447e-03
5.151945286792696151e-03
5.155171301374282360e-03
5.705206787534679823e-03
5.010000645202915964e-03
5.682624685463578094e-03
4.884186076521065956e-03
5.301954964836440992e-03
4.372862765339699531e-03
4.955158397315955615e-03
4.998709594167365967e-03
4.848699916123621126e-03
4.598683786050713346e-03
4.572875669398025408e-03
5.084198980579391833e-03
4.590618749596747823e-03
4.356732692431770221e-03
3.821214271888508963e-03
4.208336021678817616e-03
4.205110007097232275e-03
3.784115104200271029e-03
4.143815730047099508e-03
3.485708755403574451e-03
4.113168591522033991e-03
3.893799599974191727e-03
4.166397832118201236e-03
4.016388154074456394e-03
3.971223949932253805e-03
3.213110523259564942e-03
4.048648299890315883e-03
3.877669527066262417e-03
3.655074520936834812e-03
3.538937995999742129e-03
3.990580037421769324e-03
3.724433834440931800e-03
3.171172333698948128e-03
3.435705529388992981e-03
2.995354539002516216e-03
3.437318536679785652e-03
3.711529776114587831e-03
3.622814375120975757e-03
3.284082844054455035e-03
3.308277953416349434e-03
3.459900638750886947e-03
3.245370669075424430e-03
3.080843925414542949e-03
3.071165881669785189e-03
2.561455577779211436e-03
3.001806568165688201e-03
3.288921865926833915e-03
3.461513646041680051e-03
3.109878056648816228e-03
3.159881282663397697e-03
3.324408026324279179e-03
3.087295954577714500e-03
3.288921865926833915e-03
2.719530292276920933e-03
2.814697722433705425e-03
2.775985547454674386e-03
2.382411768501193749e-03
2.409832892444673923e-03
3.074391896251370965e-03
2.675979095425511448e-03
2.982450480676172681e-03
3.146977224337054162e-03
2.845344860958771375e-03
2.884057035937802414e-03
2.932447254661591212e-03
2.921156203626040348e-03
3.011484611910445960e-03
3.038905735853926135e-03
2.498548293438286431e-03
2.634040905864894633e-03
2.261436221691722186e-03
2.684044131879476103e-03
2.388863797664365300e-03
2.984063487966965786e-03
2.756629459965158867e-03
2.590489709013484715e-03
2.479192205948770912e-03
2.561455577779211436e-03
2.167881798825730798e-03
2.092070456158461825e-03
2.666301051680753688e-03
2.461449125750048497e-03
2.109813536357184240e-03
2.092070456158461825e-03
2.564681592360797645e-03
2.108200529066391569e-03
2.319504484160268311e-03
2.071101361378153635e-03
2.258210207110135977e-03
1.861410413575069348e-03
2.216272017549519163e-03
1.756564939673527313e-03
1.885605522936963747e-03
1.877540486482998875e-03
2.393702819536744179e-03
1.908187625008065042e-03
1.843667333376346933e-03
1.871088457319827108e-03
2.090457448867668721e-03
1.974320923930576038e-03
1.640428414736434630e-03
1.911413639589651034e-03
1.929156719788373449e-03
1.654945480353571269e-03
1.979159945802954918e-03
1.832376282340796286e-03
2.022711142654364837e-03
2.050132266597845011e-03
1.587199174140267168e-03
1.677527582424672564e-03
1.751725917801148433e-03
1.601716239757403808e-03
1.642041422027227518e-03
1.767855990709077960e-03
1.713013742822117611e-03
1.535582940834892595e-03
1.490418736692689788e-03
1.314600941996257877e-03
1.498483773146654660e-03
1.664623524098329029e-03
1.385573262791147753e-03
1.629137363700883983e-03
1.761403961545906192e-03
2.127556616555906655e-03
1.482353700238725133e-03
1.188786373314407434e-03
1.251693657655332656e-03
1.580747144977095401e-03
1.654945480353571269e-03
1.900122588554100170e-03
1.374282211755597106e-03
1.825924253177624301e-03
1.722691786566875371e-03
1.237176592038196016e-03
1.669462545970707692e-03
1.763016968836699080e-03
1.561391057487579882e-03
1.604942254338989583e-03
1.614620298083747343e-03
1.740434866765597785e-03
2.135621653009871744e-03
2.655010000645202824e-03
