2.125716255223816450e-02
1.632107929122275647e-02
1.461129882998824479e-02
1.516645432892040068e-02
1.656357515217538393e-02
1.890482960665201828e-02
2.101097386091569860e-02
2.296694301347267445e-02
2.407109929405392909e-02
2.527865482499061511e-02
2.445761553943019695e-02
2.555930993309822249e-02
2.399231891283074014e-02
2.221483656148254965e-02
2.162029087193879581e-02
2.012592551561144180e-02
1.963724096333634844e-02
1.757417973005409931e-02
1.622137287123716007e-02
1.481563544378588886e-02
1.427525126633308154e-02
1.406475993525237340e-02
1.359577047828307989e-02
1.257408740929485437e-02
1.198815832394739024e-02
1.156102094450291509e-02
1.089754242138887309e-02
1.018482616001033930e-02
1.018482616001033930e-02
9.805695575373744866e-03
9.075746105602638600e-03
8.674458538747022163e-03
9.005582328575737622e-03
8.317484936329449727e-03
8.276863802261242437e-03
7.445976969047926955e-03
7.151781482917582075e-03
7.463210177440499429e-03
7.333961114496205871e-03
7.007761098493940806e-03
6.516614659305624419e-03
6.373825218338595965e-03
6.021775389747472187e-03
5.878985948780442866e-03
6.061165580359065795e-03
6.082091619121475848e-03
5.960228216916855712e-03
5.408765548354536531e-03
5.050561002480351280e-03
5.245050068625098025e-03
5.189657613077543023e-03
4.893000240033974248e-03
4.707127778085513740e-03
4.901616844230260485e-03
4.479403238612233995e-03
4.737901364500821978e-03
4.332920967275367963e-03
4.282452285554263355e-03
4.138431901130621218e-03
4.699742117345839451e-03
4.552028902552361471e-03
4.268911907531527591e-03
3.915631135483791866e-03
3.644823575029080935e-03
3.889781322894932721e-03
3.786382072539497875e-03
3.532807720477359852e-03
3.689137539467124503e-03
3.532807720477359852e-03
3.615280932070385513e-03
3.987025855967306527e-03
3.242305064716852116e-03
3.209069591388319549e-03
3.193067326452359456e-03
3.163524683493663600e-03
3.002271090677449857e-03
2.932107313650547577e-03
2.978883165001815474e-03
2.864405423536869628e-03
2.833631837121561824e-03
2.891486179582340721e-03
2.799165420336416875e-03
2.714230321830166884e-03
2.455732195941579335e-03
2.508662764575909140e-03
2.838555610948010916e-03
3.024428072896471423e-03
2.624371449497467368e-03
2.330175963367122922e-03
2.538205407534604996e-03
2.566517107036688471e-03
2.364642380152267871e-03
2.241548034491035787e-03
2.285861998929079354e-03
2.186155578943481219e-03
2.246471808317484879e-03
2.155381992528173415e-03
2.283400112015854591e-03
2.230469543381524786e-03
2.256319355970383498e-03
2.161536709811234889e-03
2.191079352769930311e-03
2.389261249284514201e-03
1.964585756753263381e-03
1.951045378730528052e-03
2.188617465856705982e-03
1.903038583922647556e-03
1.969509530579712907e-03
2.032287646866941331e-03
2.091372932784332610e-03
1.875957827877176463e-03
2.234162373751361931e-03
1.949814435273915670e-03
1.851338958744930133e-03
1.813179711589948040e-03
1.826720089612683586e-03
1.856262732571379226e-03
1.691316309385328337e-03
1.855031789114767061e-03
1.653157062230346461e-03
1.681468761732429719e-03
1.704856687408063884e-03
1.830412919982520514e-03
1.809486881220111112e-03
1.772558577521741617e-03
1.820565372329622112e-03
1.698701970125002410e-03
1.579300454833607254e-03
1.722089895800636358e-03
1.768865747151904472e-03
1.596533663226179728e-03
1.584224228660056563e-03
1.539910264222012996e-03
1.538679320765400614e-03
1.443896674606252005e-03
1.558374416071197852e-03
1.490672525957520119e-03
1.653157062230346461e-03
1.515291395089766449e-03
1.863648393311053298e-03
1.506674790893480212e-03
1.547295924961686851e-03
1.515291395089766449e-03
1.666697440253082007e-03
1.661773666426632698e-03
1.707318574321288647e-03
1.743015934563045760e-03
1.479594034848009335e-03
1.514060451633154284e-03
1.500520073610418737e-03
1.632231023467937059e-03
1.734399330366759523e-03
1.506674790893480212e-03
1.644540458034060224e-03
1.683930648645654482e-03
1.703625743951451502e-03
1.496827243240581810e-03
1.537448377308788233e-03
1.521446112372828140e-03
1.431587240040128840e-03
1.317109498575182993e-03
1.453744222259150624e-03
1.395889879798371510e-03
1.475901204478172191e-03
1.613766871618752203e-03
1.491903469414132500e-03
1.285104968703262591e-03
1.442665731149639623e-03
1.352806858816940324e-03
1.451282335345925861e-03
1.302338177095835065e-03
1.315878555118570612e-03
1.365116293383063489e-03
1.531293660025726758e-03
1.397120823254983674e-03
1.507905734350092593e-03
1.291259685986324282e-03
1.398351766711596056e-03
1.402044597081432984e-03
1.552219698788136161e-03
1.331880820054530705e-03
1.277719307963588735e-03
1.772558577521741617e-03
1.329418933141306158e-03
1.550988755331523779e-03
1.623614419271650821e-03
1.411892144734331602e-03
1.355268745730164870e-03
1.368809123752900416e-03
1.304800064009059828e-03
1.303569120552447447e-03
1.402044597081432984e-03
1.591609889399730419e-03
1.443896674606252005e-03
1.322033272401632303e-03
1.558374416071197852e-03
1.381118558319023581e-03
1.382349501775635963e-03
1.405737427451270128e-03
1.395889879798371510e-03
1.277719307963588735e-03
1.210017417849911002e-03
1.237098173895382095e-03
1.190322322544113982e-03
1.329418933141306158e-03
1.036454390467573877e-03
1.131237036626722486e-03
8.936649495005446640e-04
1.102925337124639228e-03
1.253100438831342188e-03
1.531293660025726758e-03
